resolutions: 2025-11-12T18:00:24.270099+08:00
ordinances: 2025-11-12T17:42:59.051275+08:00
executive-orders: 2025-11-10T17:03:10.959303+08:00
bids-and-awards: 2025-11-12T17:46:56.680988+08:00
