resolutions: 2025-11-10T17:04:48.404851+08:00
ordinances: 2025-11-11T17:08:14.947822+08:00
executive-orders: 2025-11-10T17:03:10.959303+08:00
bids-and-awards: 2025-11-11T17:25:42.068996+08:00
