resolutions: 2025-11-10T17:04:48.404851+08:00
ordinances: 2025-11-10T16:59:07.396170+08:00
executive-orders: 2025-11-10T17:03:10.959303+08:00
bids-and-awards: 2025-11-09T22:10:36.771230+08:00
