resolutions: 2025-11-05T17:54:07.140922+08:00
ordinances: 2025-11-05T17:29:40.443171
executive-orders: 2025-11-05T17:56:03.324117+08:00
bids-and-awards: 2025-11-05T17:43:45.220069+08:00
