resolutions: 2025-11-07T16:42:11.914728+08:00
ordinances: 2025-11-07T16:54:52.719449+08:00
executive-orders: 2025-11-07T17:11:25.845583+08:00
bids-and-awards: 2025-11-05T17:43:45.220069+08:00
